
#define FONT_HEIGHT 16
#define FONT_WIDTH   8 

static unsigned char FONT[] =
{ 0,  0,  0,  0,  0,  0,  0,  0,  0,  0,  0,  0,  0,  0,  0,  0,
  0,  0,126,129,165,129,129,189,153,129,129,126,  0,  0,  0,  0,
  0,  0,126,255,219,255,255,195,231,255,255,126,  0,  0,  0,  0,
  0,  0,102,255,255,255,255,126,126, 60, 60, 24, 24,  0,  0,  0,
  0, 24, 24, 60, 60,126,126,255,126,126, 60, 60, 24, 24,  0,  0,
  0,  0, 24, 60, 60, 24,102,255,255,102, 24, 60,126,  0,  0,  0,
  0,  0, 24, 24, 60, 60,126,255,255,255,126, 24, 60,126,  0,  0,
  0,  0,  0,  0,  0, 24, 60, 60, 60, 24,  0,  0,  0,  0,  0,  0,
255,255,255,255,231,195,195,195,231,255,255,255,255,255,255,255,
  0,  0,  0, 60,102, 66, 66, 66,102, 60,  0,  0,  0,  0,  0,  0,
255,255,255,195,153,189,189,189,153,195,255,255,255,255,255,255,
  0, 30, 14, 26, 50,120,204,204,204,204,120,  0,  0,  0,  0,  0,
  0, 60,102,102,102,102, 60, 24,126, 24, 24,  0,  0,  0,  0,  0,
  0, 63, 51, 51, 63, 48, 48, 48,112,240,224,  0,  0,  0,  0,  0,
  0,127, 99, 99,127, 99, 99, 99,103,231,230,192,  0,  0,  0,  0,
  0, 24, 24,219, 60,231,231, 60,219, 24, 24,  0,  0,  0,  0,  0,
  0,128,192,224,248,254,254,248,224,192,128,  0,  0,  0,  0,  0,
  0,  2,  6, 14, 62,254,254, 62, 14,  6,  2,  0,  0,  0,  0,  0,
 24, 60,126, 24, 24, 24, 24, 24, 24, 24, 24, 24, 24,126, 60, 24,
  0,102,102,102,102,102,102,102,102,102,  0,102,102,  0,  0,  0,
  0,127,219,219,219,219,219,123, 27, 27, 27, 27, 27,  0,  0,  0,
  0,124,198, 96, 56,108,198,198,108, 56, 12,198,124,  0,  0,  0,
  0,  0,  0,  0,  0,  0,  0,  0,254,254,254,254,254,  0,  0,  0,
  0, 24, 60,126, 24, 24, 24, 24, 24,126, 60, 24,126,  0,  0,  0,
 24, 60,126,255, 24, 24, 24, 24, 24, 24, 24, 24, 24, 24, 24, 24,
 24, 24, 24, 24, 24, 24, 24, 24, 24, 24, 24, 24,255,126, 60, 24,
  0,  0,  0,  0,  8, 12, 14,255, 14, 12,  8,  0,  0,  0,  0,  0,
  0,  0,  0,  0, 16, 48,112,255,112, 48, 16,  0,  0,  0,  0,  0,
  0,  0,  0,  0,192,192,192,192,254,254,  0,  0,  0,  0,  0,  0,
  0,  0,  0,  0,  0, 36,102,255,102, 36,  0,  0,  0,  0,  0,  0,
  0,  0, 16, 16, 56, 56,124,124,254,254,  0,  0,  0,  0,  0,  0,
  0,  0,254,254,124,124, 56, 56, 16, 16,  0,  0,  0,  0,  0,  0,
  0,  0,  0,  0,  0,  0,  0,  0,  0,  0,  0,  0,  0,  0,  0,  0,
  0, 24, 60, 60, 60, 60, 24, 24, 24, 24,  0, 24, 24,  0,  0,  0,
  0, 99, 99,198,  0,  0,  0,  0,  0,  0,  0,  0,  0,  0,  0,  0,
108,108,108,254,254,108,108,108,254,254,108,108,108,  0,  0,  0,
 48, 48,120,204,192,192,192,120, 12, 12, 12,204,120, 48, 48,  0,
  0,230,166,236, 12, 24, 24, 48, 48, 96,110,202,206,  0,  0,  0,
  0, 56,108,108,108, 56,118,220,220,204,204,204,118,  0,  0,  0,
  0, 24, 24, 48,  0,  0,  0,  0,  0,  0,  0,  0,  0,  0,  0,  0,
 12, 24, 24, 48, 48, 48, 48, 48, 48, 48, 48, 24, 24, 12,  0,  0,
 48, 24, 24, 12, 12, 12, 12, 12, 12, 12, 12, 24, 24, 48,  0,  0,
  0,  0,  0,  0,  0,102,102, 60,255,255, 60,102,102,  0,  0,  0,
  0,  0,  0,  0,  0, 24, 24,126,126, 24, 24,  0,  0,  0,  0,  0,
  0,  0,  0,  0,  0,  0,  0,  0,  0,  0,  0, 24, 24, 48,  0,  0,
  0,  0,  0,  0,  0,  0,  0,126,126,  0,  0,  0,  0,  0,  0,  0,
  0,  0,  0,  0,  0,  0,  0,  0,  0,  0,  0, 24, 24,  0,  0,  0,
  0,  6,  6, 12, 12, 24, 24, 48, 48, 96, 96,192,192,  0,  0,  0,
  0,124,198,198,198,206,222,246,230,198,198,198,124,  0,  0,  0,
  0, 24, 56,120, 24, 24, 24, 24, 24, 24, 24, 24,126,  0,  0,  0,
  0,124,198,  6,  6, 12, 24, 48, 96,192,198,198,254,  0,  0,  0,
  0,254,  6, 12, 24, 48, 56, 12,  6,  6,198,108, 56,  0,  0,  0,
  0, 28, 28, 60, 60,108,108,204,204,254, 12, 12, 30,  0,  0,  0,
  0,252,192,192,192,248,204,  6,  6,  6,134,204,120,  0,  0,  0,
  0, 60, 96,192,192,248,236,198,198,198,198,108, 56,  0,  0,  0,
  0,254,198,  6, 12, 12, 24, 24, 48, 48, 48, 48, 48,  0,  0,  0,
  0,124,198,198,198,198,124,124,198,198,198,198,124,  0,  0,  0,
  0, 56,108,198,198,198,198,110, 62,  6,  6, 12,120,  0,  0,  0,
  0,  0,  0,  0,  0, 24, 24,  0,  0,  0,  0, 24, 24,  0,  0,  0,
  0,  0,  0,  0,  0, 24, 24,  0,  0,  0,  0, 24, 24, 48,  0,  0,
  0,  0,  3,  6, 12, 24, 48, 96, 48, 24, 12,  6,  3,  0,  0,  0,
  0,  0,  0,  0,  0,126,126,  0,126,126,  0,  0,  0,  0,  0,  0,
  0,  0,192, 96, 48, 24, 12,  6, 12, 24, 48, 96,192,  0,  0,  0,
  0,124,254,198,198, 12, 12, 24, 24, 24,  0, 24, 24,  0,  0,  0,
  0,  0,  0,124,198,198,222,222,222,220,192,192,124,  0,  0,  0,
  0, 16, 56,124,238,198,198,198,198,254,198,198,198,  0,  0,  0,
  0,252,102,102,102,102,124,102,102,102,102,102,252,  0,  0,  0,
  0, 60,102,194,192,192,192,192,192,192,194,102, 60,  0,  0,  0,
  0,248,108,102,102,102,102,102,102,102,102,108,248,  0,  0,  0,
  0,254,102, 98, 96,104,120,104, 96, 96, 98,102,254,  0,  0,  0,
  0,254,102, 98, 96,104,120,104, 96, 96, 96, 96,248,  0,  0,  0,
  0, 60,102,194,192,192,192,222,198,198,198,102, 58,  0,  0,  0,
  0,198,198,198,198,198,254,198,198,198,198,198,198,  0,  0,  0,
  0, 60, 24, 24, 24, 24, 24, 24, 24, 24, 24, 24, 60,  0,  0,  0,
  0, 30, 12, 12, 12, 12, 12, 12,204,204,204,120,120,  0,  0,  0,
  0,230,102,102,108,108,120,108,108,102,102,102,230,  0,  0,  0,
  0,240, 96, 96, 96, 96, 96, 96, 96, 96, 98,102,254,  0,  0,  0,
  0,198,238,254,254,214,214,214,198,198,198,198,198,  0,  0,  0,
  0,198,198,230,230,246,246,222,222,206,206,198,198,  0,  0,  0,
  0, 56,108,198,198,198,198,198,198,198,198,108, 56,  0,  0,  0,
  0,252,102,102,102,102,102,124, 96, 96, 96, 96,240,  0,  0,  0,
  0, 56,108,198,198,198,198,198,198,198,222,126, 60, 12, 14,  0,
  0,252,102,102,102,102,102,124,108,102,102,102,246,  0,  0,  0,
  0,124,198,198,192, 96, 48, 24, 12,  6,198,198,124,  0,  0,  0,
  0,126,126, 90, 24, 24, 24, 24, 24, 24, 24, 24, 60,  0,  0,  0,
  0,198,198,198,198,198,198,198,198,198,198,198,124,  0,  0,  0,
  0,198,198,198,198,198,198,198,198,198,124, 56, 16,  0,  0,  0,
  0,198,198,198,198,214,214,214,214,214,254,108,108,  0,  0,  0,
  0,198,198,108,108, 56, 56, 56, 56,108,108,198,198,  0,  0,  0,
  0,102,102,102,102,102,126, 60, 24, 24, 24, 24, 60,  0,  0,  0,
  0,254,198,140, 12, 24, 24, 48, 48, 96, 98,198,254,  0,  0,  0,
  0, 60, 48, 48, 48, 48, 48, 48, 48, 48, 48, 48, 60,  0,  0,  0,
  0,192,192, 96, 96, 48, 48, 24, 24, 12, 12,  6,  6,  0,  0,  0,
  0, 60, 12, 12, 12, 12, 12, 12, 12, 12, 12, 12, 60,  0,  0,  0,
  0, 16, 56,108,198,  0,  0,  0,  0,  0,  0,  0,  0,  0,  0,  0,
  0,  0,  0,  0,  0,  0,  0,  0,  0,  0,  0,  0,  0,255,255,  0,
  0, 48, 48, 24,  0,  0,  0,  0,  0,  0,  0,  0,  0,  0,  0,  0,
  0,  0,  0,  0,  0,120, 12,124,204,204,204,204,118,  0,  0,  0,
  0,224, 96, 96, 96,124,126,102,102,102,102,118,220,  0,  0,  0,
  0,  0,  0,  0,  0,124,198,192,192,192,192,198,124,  0,  0,  0,
  0, 28, 12, 12, 12,124,252,204,204,204,204,220,118,  0,  0,  0,
  0,  0,  0,  0,  0,124,198,198,198,254,192,198,124,  0,  0,  0,
  0, 56,108,100, 96,240, 96, 96, 96, 96, 96, 96,240,  0,  0,  0,
  0,  0,  0,  0,  0,118,204,204,204,204,204,204,124, 12,204,120,
  0,224, 96, 96, 96,124,102,102,102,102,102,102,230,  0,  0,  0,
  0,  0, 24, 24,  0, 56, 24, 24, 24, 24, 24, 24, 60,  0,  0,  0,
  0,  0,  6,  6,  0, 14,  6,  6,  6,  6,  6,  6,  6,102,102, 60,
  0,224, 96, 96, 96,102,102,108,120,108,102,102,230,  0,  0,  0,
  0, 56, 24, 24, 24, 24, 24, 24, 24, 24, 24, 24, 60,  0,  0,  0,
  0,  0,  0,  0,  0,236,254,214,214,214,198,198,198,  0,  0,  0,
  0,  0,  0,  0,  0,220,102,102,102,102,102,102,102,  0,  0,  0,
  0,  0,  0,  0,  0,124,198,198,198,198,198,198,124,  0,  0,  0,
  0,  0,  0,  0,  0,220,102,102,102,102,102,102,124, 96, 96,240,
  0,  0,  0,  0,  0,118,204,204,204,204,204,204,124, 12, 12, 30,
  0,  0,  0,  0,  0,220,118,102, 96, 96, 96, 96,240,  0,  0,  0,
  0,  0,  0,  0,  0,124,198,192,112, 28,  6,198,124,  0,  0,  0,
  0,  0, 16, 48, 48,252, 48, 48, 48, 48, 48, 54, 28,  0,  0,  0,
  0,  0,  0,  0,  0,204,204,204,204,204,204,204,118,  0,  0,  0,
  0,  0,  0,  0,  0,198,198,198,198,238,124, 56, 16,  0,  0,  0,
  0,  0,  0,  0,  0,198,198,214,214,214,214,254,108,  0,  0,  0,
  0,  0,  0,  0,  0,198,238,124, 56, 56,124,238,198,  0,  0,  0,
  0,  0,  0,  0,  0,198,198,198,198,198,198,198,126, 12, 24,112,
  0,  0,  0,  0,  0,254,198, 12, 24, 48, 96,198,254,  0,  0,  0,
  0, 14, 24, 24, 24, 24,112,112, 24, 24, 24, 24, 14,  0,  0,  0,
  0, 24, 24, 24, 24, 24,  0,  0, 24, 24, 24, 24, 24,  0,  0,  0,
  0,112, 24, 24, 24, 24, 30, 30, 24, 24, 24, 24,112,  0,  0,  0,
  0,  0,118,220,  0,  0,  0,  0,  0,  0,  0,  0,  0,  0,  0,  0,
  0,  0,  0,  0,  0, 16, 56,108,198,198,198,254,  0,  0,  0,  0
};

